0 [0.95, 0.975, 0.975] Default: 39 / 40 TouchAccommodation: 39 / 40 AccommodationParameters: [0.0, 0.0, 0.0, 0.0, 0, 0] inRange: [0.0, 0.01, 0.0, 0.01, 0.0, 0.01, 1.0] ErrorRecord: (tap) [] / [86, 87, 88, 89, 90, 91, 92, 93, 94, 95] (swipe) [] / [96, 97, 98, 99, 90, 91, 92, 93, 94, 95] (hscroll) [] / [96, 97, 98, 89, 90, 91, 92, 93, 94, 95] (vscroll) [93] / [96, 97, 98, 89, 90, 91, 92, 93, 94, 95]
9 [0.85, 0.9, 0.9] Default: 36 / 40 TouchAccommodation: 36 / 40 AccommodationParameters: [0.0, 0.0, 0.0, 0.0, 0, 0] inRange: [0.0, 0.01, 0.0, 0.01, 0.0, 0.01, 1.0] ErrorRecord: (tap) [0, 5, 7] / [0, 1, 2, 3, 4, 5, 6, 7, 8, 95] (swipe) [] / [0, 1, 2, 3, 4, 5, 6, 7, 8, 99] (hscroll) [] / [0, 1, 2, 3, 4, 5, 6, 7, 8, 98] (vscroll) [1] / [0, 1, 2, 3, 4, 5, 6, 7, 8, 98]
18 [0.925, 0.975, 0.975] Default: 39 / 40 TouchAccommodation: 39 / 40 AccommodationParameters: [0.0, 0.0, 0.0, 0.0, 0, 0] inRange: [0.0, 0.01, 0.0, 0.01, 0.0, 0.01, 1.0] ErrorRecord: (tap) [17] / [ 8  9 10 11 12 13 14 15 16 17] (swipe) [] / [ 8  9 10 11 12 13 14 15 16 17] (hscroll) [] / [ 8  9 10 11 12 13 14 15 16 17] (vscroll) [] / [ 8  9 10 11 12 13 14 15 16 17]
27 [0.75, 0.775, 0.775] Default: 31 / 40 TouchAccommodation: 31 / 40 AccommodationParameters: [0.0, 0.0, 0.0, 0.0, 0, 0] inRange: [0.0, 0.01, 0.0, 0.01, 0.0, 0.01, 1.0] ErrorRecord: (tap) [17, 18, 20, 22, 23] / [17 18 19 20 21 22 23 24 25 26] (swipe) [18] / [17 18 19 20 21 22 23 24 25 26] (hscroll) [24] / [17 18 19 20 21 22 23 24 25 26] (vscroll) [22, 26] / [17 18 19 20 21 22 23 24 25 26]
36 [0.8, 0.825, 0.825] Default: 33 / 40 TouchAccommodation: 33 / 40 AccommodationParameters: [0.0, 0.0, 0.0, 0.0, 0, 0] inRange: [0.0, 0.01, 0.0, 0.01, 0.0, 0.01, 1.0] ErrorRecord: (tap) [27, 33, 34, 35] / [26 27 28 29 30 31 32 33 34 35] (swipe) [] / [26 27 28 29 30 31 32 33 34 35] (hscroll) [] / [26 27 28 29 30 31 32 33 34 35] (vscroll) [26, 27, 33] / [26 27 28 29 30 31 32 33 34 35]
45 [0.875, 0.9, 0.9] Default: 36 / 40 TouchAccommodation: 36 / 40 AccommodationParameters: [0.0, 0.0, 0.0, 0.0, 0, 0] inRange: [0.0, 0.01, 0.0, 0.01, 0.0, 0.01, 1.0] ErrorRecord: (tap) [35, 36] / [35 36 37 38 39 40 41 42 43 44] (swipe) [] / [35 36 37 38 39 40 41 42 43 44] (hscroll) [39] / [35 36 37 38 39 40 41 42 43 44] (vscroll) [43] / [35 36 37 38 39 40 41 42 43 44]
54 [0.875, 0.925, 0.925] Default: 37 / 40 TouchAccommodation: 37 / 40 AccommodationParameters: [0.0, 0.0, 0.0, 0.0, 0, 0] inRange: [0.0, 0.01, 0.0, 0.01, 0.0, 0.01, 1.0] ErrorRecord: (tap) [45] / [44 45 46 47 48 49 50 51 52 53] (swipe) [] / [44 45 46 47 48 49 50 51 52 53] (hscroll) [50] / [44 45 46 47 48 49 50 51 52 53] (vscroll) [50] / [44 45 46 47 48 49 50 51 52 53]
63 [0.875, 0.9, 0.9] Default: 36 / 40 TouchAccommodation: 36 / 40 AccommodationParameters: [0.0, 0.0, 0.0, 0.0, 0, 0] inRange: [0.0, 0.01, 0.0, 0.01, 0.0, 0.01, 1.0] ErrorRecord: (tap) [57, 60, 61] / [53 54 55 56 57 58 59 60 61 62] (swipe) [] / [53 54 55 56 57 58 59 60 61 62] (hscroll) [] / [53 54 55 56 57 58 59 60 61 62] (vscroll) [57] / [53 54 55 56 57 58 59 60 61 62]
72 [0.725, 0.825, 0.825] Default: 33 / 40 TouchAccommodation: 33 / 40 AccommodationParameters: [0.0, 0.0, 0.0, 0.0, 0, 0] inRange: [0.0, 0.01, 0.0, 0.01, 0.0, 0.01, 1.0] ErrorRecord: (tap) [63, 64, 67, 68] / [62 63 64 65 66 67 68 69 70 71] (swipe) [] / [62 63 64 65 66 67 68 69 70 71] (hscroll) [64, 70, 71] / [62 63 64 65 66 67 68 69 70 71] (vscroll) [] / [62 63 64 65 66 67 68 69 70 71]


=================================
3001Default: 0.8472222222222221 Simulate: 0.8888888888888888 TouchAccommodation: 0.8888888888888888