0 [0.8, 0.8, 0.8] Default: 32 / 40 TouchAccommodation: 32 / 40 AccommodationParameters: [0.0, 0.0, 0.0, 0.0, 0, 0] inRange: [0.0, 0.01, 0.0, 0.01, 0.0, 0.01, 1.0] ErrorRecord: (tap) [] / [96, 97, 98, 89, 90, 91, 92, 93, 94, 95] (swipe) [] / [96, 97, 88, 89, 90, 91, 92, 93, 94, 95] (hscroll) [96, 89, 93] / [96, 87, 88, 89, 90, 91, 92, 93, 94, 95] (vscroll) [88, 90, 92, 93, 94] / [96, 87, 88, 89, 90, 91, 92, 93, 94, 95]
9 [0.875, 0.825, 0.825] Default: 33 / 40 TouchAccommodation: 33 / 40 AccommodationParameters: [0.0, 0.0, 0.0, 0.0, 0, 0] inRange: [0.0, 0.01, 0.0, 0.01, 0.0, 0.01, 1.0] ErrorRecord: (tap) [0, 2] / [0, 1, 2, 3, 4, 5, 6, 7, 8, 98] (swipe) [] / [0, 1, 2, 3, 4, 5, 6, 7, 8, 97] (hscroll) [6, 96] / [0, 1, 2, 3, 4, 5, 6, 7, 8, 96] (vscroll) [0, 4, 7] / [0, 1, 2, 3, 4, 5, 6, 7, 8, 96]
18 [0.825, 0.8, 0.8] Default: 32 / 40 TouchAccommodation: 32 / 40 AccommodationParameters: [0.0, 0.0, 0.0, 0.0, 0, 0] inRange: [0.0, 0.01, 0.0, 0.01, 0.0, 0.01, 1.0] ErrorRecord: (tap) [10, 11] / [ 8  9 10 11 12 13 14 15 16 17] (swipe) [] / [ 8  9 10 11 12 13 14 15 16 17] (hscroll) [12, 17] / [ 8  9 10 11 12 13 14 15 16 17] (vscroll) [14, 15, 16, 17] / [ 8  9 10 11 12 13 14 15 16 17]
27 [0.725, 0.65, 0.65] Default: 26 / 40 TouchAccommodation: 26 / 40 AccommodationParameters: [0.0, 0.0, 0.0, 0.0, 0, 0] inRange: [0.0, 0.01, 0.0, 0.01, 0.0, 0.01, 1.0] ErrorRecord: (tap) [18, 22, 23, 24, 25] / [17 18 19 20 21 22 23 24 25 26] (swipe) [] / [17 18 19 20 21 22 23 24 25 26] (hscroll) [17, 20, 21, 24] / [17 18 19 20 21 22 23 24 25 26] (vscroll) [17, 18, 19, 23, 26] / [17 18 19 20 21 22 23 24 25 26]
36 [0.75, 0.725, 0.725] Default: 29 / 40 TouchAccommodation: 29 / 40 AccommodationParameters: [0.0, 0.0, 0.0, 0.0, 0, 0] inRange: [0.0, 0.01, 0.0, 0.01, 0.0, 0.01, 1.0] ErrorRecord: (tap) [27, 28] / [26 27 28 29 30 31 32 33 34 35] (swipe) [] / [26 27 28 29 30 31 32 33 34 35] (hscroll) [27, 35] / [26 27 28 29 30 31 32 33 34 35] (vscroll) [26, 27, 28, 32, 33, 34, 35] / [26 27 28 29 30 31 32 33 34 35]
45 [0.75, 0.7, 0.7] Default: 28 / 40 TouchAccommodation: 28 / 40 AccommodationParameters: [0.0, 0.0, 0.0, 0.0, 0, 0] inRange: [0.0, 0.01, 0.0, 0.01, 0.0, 0.01, 1.0] ErrorRecord: (tap) [36, 41, 42, 44] / [35 36 37 38 39 40 41 42 43 44] (swipe) [] / [35 36 37 38 39 40 41 42 43 44] (hscroll) [35] / [35 36 37 38 39 40 41 42 43 44] (vscroll) [35, 36, 37, 39, 40, 41, 42] / [35 36 37 38 39 40 41 42 43 44]
54 [0.925, 0.875, 0.875] Default: 35 / 40 TouchAccommodation: 35 / 40 AccommodationParameters: [0.0, 0.0, 0.0, 0.0, 0, 0] inRange: [0.0, 0.01, 0.0, 0.01, 0.0, 0.01, 1.0] ErrorRecord: (tap) [44, 47] / [44 45 46 47 48 49 50 51 52 53] (swipe) [] / [44 45 46 47 48 49 50 51 52 53] (hscroll) [] / [44 45 46 47 48 49 50 51 52 53] (vscroll) [46, 50, 51] / [44 45 46 47 48 49 50 51 52 53]
63 [0.875, 0.825, 0.825] Default: 33 / 40 TouchAccommodation: 33 / 40 AccommodationParameters: [0.0, 0.0, 0.0, 0.0, 0, 0] inRange: [0.0, 0.01, 0.0, 0.01, 0.0, 0.01, 1.0] ErrorRecord: (tap) [58] / [53 54 55 56 57 58 59 60 61 62] (swipe) [] / [53 54 55 56 57 58 59 60 61 62] (hscroll) [58, 61, 62] / [53 54 55 56 57 58 59 60 61 62] (vscroll) [56, 61, 62] / [53 54 55 56 57 58 59 60 61 62]
72 [0.725, 0.65, 0.65] Default: 26 / 40 TouchAccommodation: 26 / 40 AccommodationParameters: [0.0, 0.0, 0.0, 0.0, 0, 0] inRange: [0.0, 0.01, 0.0, 0.01, 0.0, 0.01, 1.0] ErrorRecord: (tap) [70] / [62 63 64 65 66 67 68 69 70 71] (swipe) [] / [62 63 64 65 66 67 68 69 70 71] (hscroll) [62, 63, 66, 67] / [62 63 64 65 66 67 68 69 70 71] (vscroll) [62, 63, 64, 65, 66, 67, 69, 70, 71] / [62 63 64 65 66 67 68 69 70 71]


=================================
3002Default: 0.8055555555555555 Simulate: 0.7611111111111112 TouchAccommodation: 0.7611111111111112