0 [0.55, 0.475, 0.475] Default: 19 / 40 TouchAccommodation: 19 / 40 AccommodationParameters: [0.0, 0.0, 0.0, 0.0, 0, 0] inRange: [0.0, 0.01, 0.0, 0.01, 0.0, 0.01, 1.0] ErrorRecord: (tap) [96, 98, 99, 91, 94, 95] / [96, 97, 98, 99, 90, 91, 92, 93, 94, 95] (swipe) [91] / [96, 97, 98, 99, 90, 91, 92, 93, 94, 95] (hscroll) [96, 97, 98, 91, 94, 95] / [96, 97, 98, 89, 90, 91, 92, 93, 94, 95] (vscroll) [96, 97, 98, 90, 91, 93, 94, 95] / [96, 97, 98, 99, 90, 91, 92, 93, 94, 95]
9 [0.725, 0.675, 0.675] Default: 27 / 40 TouchAccommodation: 27 / 40 AccommodationParameters: [0.0, 0.0, 0.0, 0.0, 0, 0] inRange: [0.0, 0.01, 0.0, 0.01, 0.0, 0.01, 1.0] ErrorRecord: (tap) [3, 99] / [0, 1, 2, 3, 4, 5, 6, 7, 8, 99] (swipe) [3, 8] / [0, 1, 2, 3, 4, 5, 6, 7, 8, 99] (hscroll) [1, 6, 7, 98] / [0, 1, 2, 3, 4, 5, 6, 7, 8, 98] (vscroll) [2, 4, 5, 6, 8] / [0, 1, 2, 3, 4, 5, 6, 7, 8, 99]
18 [0.7, 0.625, 0.625] Default: 25 / 40 TouchAccommodation: 25 / 40 AccommodationParameters: [0.0, 0.0, 0.0, 0.0, 0, 0] inRange: [0.0, 0.01, 0.0, 0.01, 0.0, 0.01, 1.0] ErrorRecord: (tap) [] / [ 8  9 10 11 12 13 14 15 16 17] (swipe) [8, 14, 16] / [ 8  9 10 11 12 13 14 15 16 17] (hscroll) [11, 14, 15, 16] / [ 8  9 10 11 12 13 14 15 16 17] (vscroll) [8, 9, 10, 12, 14, 15, 16, 17] / [ 8  9 10 11 12 13 14 15 16 17]
27 [0.625, 0.55, 0.55] Default: 22 / 40 TouchAccommodation: 22 / 40 AccommodationParameters: [0.0, 0.0, 0.0, 0.0, 0, 0] inRange: [0.0, 0.01, 0.0, 0.01, 0.0, 0.01, 1.0] ErrorRecord: (tap) [19, 22] / [17 18 19 20 21 22 23 24 25 26] (swipe) [26] / [17 18 19 20 21 22 23 24 25 26] (hscroll) [20, 21, 22, 23, 24, 25] / [17 18 19 20 21 22 23 24 25 26] (vscroll) [17, 19, 20, 21, 22, 23, 24, 25, 26] / [17 18 19 20 21 22 23 24 25 26]
36 [0.775, 0.625, 0.625] Default: 25 / 40 TouchAccommodation: 25 / 40 AccommodationParameters: [0.0, 0.0, 0.0, 0.0, 0, 0] inRange: [0.0, 0.01, 0.0, 0.01, 0.0, 0.01, 1.0] ErrorRecord: (tap) [28, 33] / [26 27 28 29 30 31 32 33 34 35] (swipe) [26] / [26 27 28 29 30 31 32 33 34 35] (hscroll) [27, 28, 29, 31, 33, 34, 35] / [26 27 28 29 30 31 32 33 34 35] (vscroll) [26, 27, 30, 31, 33] / [26 27 28 29 30 31 32 33 34 35]
45 [0.775, 0.7, 0.7] Default: 28 / 40 TouchAccommodation: 28 / 40 AccommodationParameters: [0.0, 0.0, 0.0, 0.0, 0, 0] inRange: [0.0, 0.01, 0.0, 0.01, 0.0, 0.01, 1.0] ErrorRecord: (tap) [41] / [35 36 37 38 39 40 41 42 43 44] (swipe) [] / [35 36 37 38 39 40 41 42 43 44] (hscroll) [35, 36, 38, 39, 42, 43, 44] / [35 36 37 38 39 40 41 42 43 44] (vscroll) [36, 37, 39, 44] / [35 36 37 38 39 40 41 42 43 44]
54 [0.675, 0.6, 0.6] Default: 24 / 40 TouchAccommodation: 24 / 40 AccommodationParameters: [0.0, 0.0, 0.0, 0.0, 0, 0] inRange: [0.0, 0.01, 0.0, 0.01, 0.0, 0.01, 1.0] ErrorRecord: (tap) [46, 49] / [44 45 46 47 48 49 50 51 52 53] (swipe) [] / [44 45 46 47 48 49 50 51 52 53] (hscroll) [44, 45, 46, 47, 48, 49, 51, 52, 53] / [44 45 46 47 48 49 50 51 52 53] (vscroll) [44, 46, 49, 52, 53] / [44 45 46 47 48 49 50 51 52 53]
63 [0.7, 0.575, 0.575] Default: 23 / 40 TouchAccommodation: 23 / 40 AccommodationParameters: [0.0, 0.0, 0.0, 0.0, 0, 0] inRange: [0.0, 0.01, 0.0, 0.01, 0.0, 0.01, 1.0] ErrorRecord: (tap) [] / [53 54 55 56 57 58 59 60 61 62] (swipe) [56, 58] / [53 54 55 56 57 58 59 60 61 62] (hscroll) [53, 54, 55, 57, 58, 59, 60, 61, 62] / [53 54 55 56 57 58 59 60 61 62] (vscroll) [53, 56, 57, 58, 59, 60] / [53 54 55 56 57 58 59 60 61 62]
72 [0.8, 0.75, 0.75] Default: 30 / 40 TouchAccommodation: 30 / 40 AccommodationParameters: [0.0, 0.0, 0.0, 0.0, 0, 0] inRange: [0.0, 0.01, 0.0, 0.01, 0.0, 0.01, 1.0] ErrorRecord: (tap) [68, 70] / [62 63 64 65 66 67 68 69 70 71] (swipe) [] / [62 63 64 65 66 67 68 69 70 71] (hscroll) [62, 63, 69, 71] / [62 63 64 65 66 67 68 69 70 71] (vscroll) [65, 67, 69, 71] / [62 63 64 65 66 67 68 69 70 71]


=================================
3003Default: 0.7027777777777777 Simulate: 0.6194444444444445 TouchAccommodation: 0.6194444444444445