0 [0.75, 0.6, 0.6] Default: 24 / 40 TouchAccommodation: 24 / 40 AccommodationParameters: [0.0, 0.0, 0.0, 0.0, 0, 0] inRange: [0.0, 0.01, 0.0, 0.01, 0.0, 0.01, 1.0] ErrorRecord: (tap) [92, 94] / [96, 97, 98, 99, 90, 91, 92, 93, 94, 95] (swipe) [51] / [49, 50, 51, 52, 53, 54, 55, 56, 57, 58] (hscroll) [50, 52, 53, 54, 55, 56, 57, 58, 59] / [50, 51, 52, 53, 54, 55, 56, 57, 58, 59] (vscroll) [50, 51, 52, 54] / [50, 51, 52, 53, 54, 55, 56, 57, 58, 59]
9 [0.725, 0.75, 0.75] Default: 30 / 40 TouchAccommodation: 30 / 40 AccommodationParameters: [0.0, 0.0, 0.0, 0.0, 0, 0] inRange: [0.0, 0.01, 0.0, 0.01, 0.0, 0.01, 1.0] ErrorRecord: (tap) [2, 7, 8] / [0, 1, 2, 3, 4, 5, 6, 7, 8, 99] (swipe) [] / [0, 1, 2, 3, 4, 5, 6, 7, 8, 58] (hscroll) [0, 1, 4, 8, 59] / [0, 1, 2, 3, 4, 5, 6, 7, 8, 59] (vscroll) [7, 8] / [0, 1, 2, 3, 4, 5, 6, 7, 8, 59]
18 [0.675, 0.525, 0.525] Default: 21 / 40 TouchAccommodation: 21 / 40 AccommodationParameters: [0.0, 0.0, 0.0, 0.0, 0, 0] inRange: [0.0, 0.01, 0.0, 0.01, 0.0, 0.01, 1.0] ErrorRecord: (tap) [8, 9, 12, 14] / [ 8  9 10 11 12 13 14 15 16 17] (swipe) [13] / [ 8  9 10 11 12 13 14 15 16 17] (hscroll) [8, 9, 10, 11, 12, 14, 15, 16, 17] / [ 8  9 10 11 12 13 14 15 16 17] (vscroll) [8, 10, 11, 16, 17] / [ 8  9 10 11 12 13 14 15 16 17]
27 [0.725, 0.675, 0.675] Default: 27 / 40 TouchAccommodation: 27 / 40 AccommodationParameters: [0.0, 0.0, 0.0, 0.0, 0, 0] inRange: [0.0, 0.01, 0.0, 0.01, 0.0, 0.01, 1.0] ErrorRecord: (tap) [26] / [17 18 19 20 21 22 23 24 25 26] (swipe) [21, 23, 26] / [17 18 19 20 21 22 23 24 25 26] (hscroll) [17, 19, 22, 25] / [17 18 19 20 21 22 23 24 25 26] (vscroll) [17, 23, 24, 25, 26] / [17 18 19 20 21 22 23 24 25 26]
36 [0.775, 0.7, 0.7] Default: 28 / 40 TouchAccommodation: 28 / 40 AccommodationParameters: [0.0, 0.0, 0.0, 0.0, 0, 0] inRange: [0.0, 0.01, 0.0, 0.01, 0.0, 0.01, 1.0] ErrorRecord: (tap) [26, 27, 32] / [26 27 28 29 30 31 32 33 34 35] (swipe) [26] / [26 27 28 29 30 31 32 33 34 35] (hscroll) [29, 30, 31] / [26 27 28 29 30 31 32 33 34 35] (vscroll) [26, 27, 28, 34, 35] / [26 27 28 29 30 31 32 33 34 35]
45 [0.65, 0.575, 0.575] Default: 23 / 40 TouchAccommodation: 23 / 40 AccommodationParameters: [0.0, 0.0, 0.0, 0.0, 0, 0] inRange: [0.0, 0.01, 0.0, 0.01, 0.0, 0.01, 1.0] ErrorRecord: (tap) [42] / [35 36 37 38 39 40 41 42 43 44] (swipe) [38, 40, 41, 42] / [35 36 37 38 39 40 41 42 43 44] (hscroll) [36, 38, 39, 41, 42, 43, 44] / [35 36 37 38 39 40 41 42 43 44] (vscroll) [35, 36, 37, 38, 41] / [35 36 37 38 39 40 41 42 43 44]
54 [0.65, 0.575, 0.575] Default: 23 / 40 TouchAccommodation: 23 / 40 AccommodationParameters: [0.0, 0.0, 0.0, 0.0, 0, 0] inRange: [0.0, 0.01, 0.0, 0.01, 0.0, 0.01, 1.0] ErrorRecord: (tap) [47, 49, 52] / [44 45 46 47 48 49 50 51 52 53] (swipe) [51] / [44 45 46 47 48 49 50 51 52 53] (hscroll) [44, 45, 47, 49, 50, 52, 53] / [44 45 46 47 48 49 50 51 52 53] (vscroll) [45, 47, 48, 50, 51, 52] / [44 45 46 47 48 49 50 51 52 53]
63 [0.725, 0.6, 0.6] Default: 24 / 40 TouchAccommodation: 24 / 40 AccommodationParameters: [0.0, 0.0, 0.0, 0.0, 0, 0] inRange: [0.0, 0.01, 0.0, 0.01, 0.0, 0.01, 1.0] ErrorRecord: (tap) [54, 55, 56, 58, 60, 62] / [53 54 55 56 57 58 59 60 61 62] (swipe) [] / [0, 1, 2, 3, 53, 54, 55, 56, 57, 58] (hscroll) [0, 1, 53, 54, 55, 56, 57, 58, 59] / [0, 1, 2, 53, 54, 55, 56, 57, 58, 59] (vscroll) [54] / [0, 1, 2, 53, 54, 55, 56, 57, 58, 59]
72 [0.75, 0.725, 0.725] Default: 29 / 40 TouchAccommodation: 29 / 40 AccommodationParameters: [0.0, 0.0, 0.0, 0.0, 0, 0] inRange: [0.0, 0.01, 0.0, 0.01, 0.0, 0.01, 1.0] ErrorRecord: (tap) [62, 68] / [62 63 64 65 66 67 68 69 70 71] (swipe) [] / [ 3  4  5  6  7  8  9 10 11 12] (hscroll) [4, 8, 9, 10, 11] / [ 2  3  4  5  6  7  8  9 10 11] (vscroll) [7, 8, 10, 11] / [ 2  3  4  5  6  7  8  9 10 11]


=================================
3005Default: 0.7138888888888889 Simulate: 0.6361111111111111 TouchAccommodation: 0.6361111111111111