0 [0.825, 0.75, 0.75] Default: 30 / 40 TouchAccommodation: 30 / 40 AccommodationParameters: [0.0, 0.0, 0.0, 0.0, 0, 0] inRange: [0.0, 0.01, 0.0, 0.01, 0.0, 0.01, 1.0] ErrorRecord: (tap) [96, 98, 90, 91, 92, 95] / [96, 97, 98, 99, 90, 91, 92, 93, 94, 95] (swipe) [53] / [50, 51, 52, 53, 54, 55, 56, 57, 58, 59] (hscroll) [50, 53] / [50, 51, 52, 53, 54, 55, 56, 57, 58, 59] (vscroll) [57] / [50, 51, 52, 53, 54, 55, 56, 57, 58, 59]
9 [0.925, 0.85, 0.85] Default: 34 / 40 TouchAccommodation: 34 / 40 AccommodationParameters: [0.0, 0.0, 0.0, 0.0, 0, 0] inRange: [0.0, 0.01, 0.0, 0.01, 0.0, 0.01, 1.0] ErrorRecord: (tap) [0, 6, 7] / [0, 1, 2, 3, 4, 5, 6, 7, 8, 99] (swipe) [] / [0, 1, 2, 3, 4, 5, 6, 7, 8, 59] (hscroll) [2, 7] / [0, 1, 2, 3, 4, 5, 6, 7, 8, 59] (vscroll) [2] / [0, 1, 2, 3, 4, 5, 6, 7, 8, 59]
18 [0.9, 0.825, 0.825] Default: 33 / 40 TouchAccommodation: 33 / 40 AccommodationParameters: [0.0, 0.0, 0.0, 0.0, 0, 0] inRange: [0.0, 0.01, 0.0, 0.01, 0.0, 0.01, 1.0] ErrorRecord: (tap) [11, 12, 13, 17] / [ 8  9 10 11 12 13 14 15 16 17] (swipe) [] / [ 8  9 10 11 12 13 14 15 16 17] (hscroll) [12] / [ 8  9 10 11 12 13 14 15 16 17] (vscroll) [11, 14] / [ 8  9 10 11 12 13 14 15 16 17]
27 [0.875, 0.825, 0.825] Default: 33 / 40 TouchAccommodation: 33 / 40 AccommodationParameters: [0.0, 0.0, 0.0, 0.0, 0, 0] inRange: [0.0, 0.01, 0.0, 0.01, 0.0, 0.01, 1.0] ErrorRecord: (tap) [17, 20, 25] / [17 18 19 20 21 22 23 24 25 26] (swipe) [] / [17 18 19 20 21 22 23 24 25 26] (hscroll) [25, 26] / [17 18 19 20 21 22 23 24 25 26] (vscroll) [19, 22] / [17 18 19 20 21 22 23 24 25 26]
36 [0.85, 0.85, 0.85] Default: 34 / 40 TouchAccommodation: 34 / 40 AccommodationParameters: [0.0, 0.0, 0.0, 0.0, 0, 0] inRange: [0.0, 0.01, 0.0, 0.01, 0.0, 0.01, 1.0] ErrorRecord: (tap) [34] / [26 27 28 29 30 31 32 33 34 35] (swipe) [] / [26 27 28 29 30 31 32 33 34 35] (hscroll) [26, 30, 33, 34] / [26 27 28 29 30 31 32 33 34 35] (vscroll) [33] / [26 27 28 29 30 31 32 33 34 35]
45 [0.875, 0.8, 0.8] Default: 32 / 40 TouchAccommodation: 32 / 40 AccommodationParameters: [0.0, 0.0, 0.0, 0.0, 0, 0] inRange: [0.0, 0.01, 0.0, 0.01, 0.0, 0.01, 1.0] ErrorRecord: (tap) [40, 44] / [35 36 37 38 39 40 41 42 43 44] (swipe) [] / [35 36 37 38 39 40 41 42 43 44] (hscroll) [39, 41, 42, 43] / [35 36 37 38 39 40 41 42 43 44] (vscroll) [40, 44] / [35 36 37 38 39 40 41 42 43 44]
54 [0.85, 0.75, 0.75] Default: 30 / 40 TouchAccommodation: 30 / 40 AccommodationParameters: [0.0, 0.0, 0.0, 0.0, 0, 0] inRange: [0.0, 0.01, 0.0, 0.01, 0.0, 0.01, 1.0] ErrorRecord: (tap) [44, 45, 47] / [44 45 46 47 48 49 50 51 52 53] (swipe) [48, 53] / [44 45 46 47 48 49 50 51 52 53] (hscroll) [50, 53] / [44 45 46 47 48 49 50 51 52 53] (vscroll) [44, 47, 49] / [44 45 46 47 48 49 50 51 52 53]
63 [0.825, 0.8, 0.8] Default: 32 / 40 TouchAccommodation: 32 / 40 AccommodationParameters: [0.0, 0.0, 0.0, 0.0, 0, 0] inRange: [0.0, 0.01, 0.0, 0.01, 0.0, 0.01, 1.0] ErrorRecord: (tap) [54, 61, 62] / [53 54 55 56 57 58 59 60 61 62] (swipe) [53] / [0, 1, 2, 53, 54, 55, 56, 57, 58, 59] (hscroll) [2, 53] / [0, 1, 2, 53, 54, 55, 56, 57, 58, 59] (vscroll) [2, 57] / [0, 1, 2, 53, 54, 55, 56, 57, 58, 59]
72 [0.9, 0.8, 0.8] Default: 32 / 40 TouchAccommodation: 32 / 40 AccommodationParameters: [0.0, 0.0, 0.0, 0.0, 0, 0] inRange: [0.0, 0.01, 0.0, 0.01, 0.0, 0.01, 1.0] ErrorRecord: (tap) [62, 63, 64, 66] / [62 63 64 65 66 67 68 69 70 71] (swipe) [] / [ 2  3  4  5  6  7  8  9 10 11] (hscroll) [2, 7] / [ 2  3  4  5  6  7  8  9 10 11] (vscroll) [2, 11] / [ 2  3  4  5  6  7  8  9 10 11]


=================================
3007Default: 0.8694444444444445 Simulate: 0.8055555555555556 TouchAccommodation: 0.8055555555555556