0 [0.85, 0.925, 0.925] Default: 37 / 40 TouchAccommodation: 37 / 40 AccommodationParameters: [0.0, 0.0, 0.0, 0.0, 0, 0] inRange: [0.0, 0.01, 0.0, 0.01, 0.0, 0.01, 1.0] ErrorRecord: (tap) [93] / [96, 97, 98, 99, 90, 91, 92, 93, 94, 95] (swipe) [53] / [49, 50, 51, 52, 53, 54, 55, 56, 57, 58] (hscroll) [] / [50, 51, 52, 53, 54, 55, 56, 57, 58, 59] (vscroll) [53] / [50, 51, 52, 53, 54, 55, 56, 57, 58, 59]
9 [0.825, 0.85, 0.85] Default: 34 / 40 TouchAccommodation: 34 / 40 AccommodationParameters: [0.0, 0.0, 0.0, 0.0, 0, 0] inRange: [0.0, 0.01, 0.0, 0.01, 0.0, 0.01, 1.0] ErrorRecord: (tap) [] / [0, 1, 2, 3, 4, 5, 6, 7, 8, 99] (swipe) [3] / [0, 1, 2, 3, 4, 5, 6, 7, 8, 58] (hscroll) [6] / [0, 1, 2, 3, 4, 5, 6, 7, 8, 59] (vscroll) [0, 3, 5, 7] / [0, 1, 2, 3, 4, 5, 6, 7, 8, 59]
18 [0.65, 0.75, 0.75] Default: 30 / 40 TouchAccommodation: 30 / 40 AccommodationParameters: [0.0, 0.0, 0.0, 0.0, 0, 0] inRange: [0.0, 0.01, 0.0, 0.01, 0.0, 0.01, 1.0] ErrorRecord: (tap) [12] / [ 8  9 10 11 12 13 14 15 16 17] (swipe) [9, 12, 14, 17] / [ 8  9 10 11 12 13 14 15 16 17] (hscroll) [10, 14] / [ 8  9 10 11 12 13 14 15 16 17] (vscroll) [9, 11, 14] / [ 8  9 10 11 12 13 14 15 16 17]
27 [0.8, 0.9, 0.9] Default: 36 / 40 TouchAccommodation: 36 / 40 AccommodationParameters: [0.0, 0.0, 0.0, 0.0, 0, 0] inRange: [0.0, 0.01, 0.0, 0.01, 0.0, 0.01, 1.0] ErrorRecord: (tap) [18] / [17 18 19 20 21 22 23 24 25 26] (swipe) [17, 26] / [17 18 19 20 21 22 23 24 25 26] (hscroll) [] / [17 18 19 20 21 22 23 24 25 26] (vscroll) [20] / [17 18 19 20 21 22 23 24 25 26]
36 [0.75, 0.725, 0.725] Default: 29 / 40 TouchAccommodation: 29 / 40 AccommodationParameters: [0.0, 0.0, 0.0, 0.0, 0, 0] inRange: [0.0, 0.01, 0.0, 0.01, 0.0, 0.01, 1.0] ErrorRecord: (tap) [29, 34] / [26 27 28 29 30 31 32 33 34 35] (swipe) [26, 28, 30, 35] / [26 27 28 29 30 31 32 33 34 35] (hscroll) [32, 35] / [26 27 28 29 30 31 32 33 34 35] (vscroll) [28, 32, 34] / [26 27 28 29 30 31 32 33 34 35]
45 [0.75, 0.825, 0.825] Default: 33 / 40 TouchAccommodation: 33 / 40 AccommodationParameters: [0.0, 0.0, 0.0, 0.0, 0, 0] inRange: [0.0, 0.01, 0.0, 0.01, 0.0, 0.01, 1.0] ErrorRecord: (tap) [37, 40] / [35 36 37 38 39 40 41 42 43 44] (swipe) [35, 39] / [35 36 37 38 39 40 41 42 43 44] (hscroll) [35] / [35 36 37 38 39 40 41 42 43 44] (vscroll) [39, 41] / [35 36 37 38 39 40 41 42 43 44]
54 [0.925, 0.9, 0.9] Default: 36 / 40 TouchAccommodation: 36 / 40 AccommodationParameters: [0.0, 0.0, 0.0, 0.0, 0, 0] inRange: [0.0, 0.01, 0.0, 0.01, 0.0, 0.01, 1.0] ErrorRecord: (tap) [47] / [44 45 46 47 48 49 50 51 52 53] (swipe) [53] / [44 45 46 47 48 49 50 51 52 53] (hscroll) [] / [44 45 46 47 48 49 50 51 52 53] (vscroll) [48, 53] / [44 45 46 47 48 49 50 51 52 53]
63 [0.875, 0.85, 0.85] Default: 34 / 40 TouchAccommodation: 34 / 40 AccommodationParameters: [0.0, 0.0, 0.0, 0.0, 0, 0] inRange: [0.0, 0.01, 0.0, 0.01, 0.0, 0.01, 1.0] ErrorRecord: (tap) [59, 60] / [53 54 55 56 57 58 59 60 61 62] (swipe) [3, 53] / [0, 1, 2, 3, 53, 54, 55, 56, 57, 58] (hscroll) [] / [0, 1, 2, 53, 54, 55, 56, 57, 58, 59] (vscroll) [0, 53] / [0, 1, 2, 53, 54, 55, 56, 57, 58, 59]
72 [0.7, 0.75, 0.75] Default: 30 / 40 TouchAccommodation: 30 / 40 AccommodationParameters: [0.0, 0.0, 0.0, 0.0, 0, 0] inRange: [0.0, 0.01, 0.0, 0.01, 0.0, 0.01, 1.0] ErrorRecord: (tap) [] / [62 63 64 65 66 67 68 69 70 71] (swipe) [3, 9, 12] / [ 3  4  5  6  7  8  9 10 11 12] (hscroll) [6, 10] / [ 2  3  4  5  6  7  8  9 10 11] (vscroll) [3, 5, 7, 9, 11] / [ 2  3  4  5  6  7  8  9 10 11]


=================================
3008Default: 0.7916666666666666 Simulate: 0.8305555555555555 TouchAccommodation: 0.8305555555555555