0 [0.725, 0.7, 0.7] Default: 28 / 40 TouchAccommodation: 28 / 40 AccommodationParameters: [0.0, 0.0, 0.0, 0.0, 0, 0] inRange: [0.0, 0.01, 0.0, 0.01, 0.0, 0.01, 1.0] ErrorRecord: (tap) [] / [96, 97, 98, 99, 90, 91, 92, 93, 94, 95] (swipe) [] / [50, 51, 52, 53, 54, 55, 56, 57, 58, 59] (hscroll) [50, 51, 54, 55, 57, 58] / [50, 51, 52, 53, 54, 55, 56, 57, 58, 59] (vscroll) [50, 51, 54, 55, 57, 58] / [50, 51, 52, 53, 54, 55, 56, 57, 58, 59]
9 [0.575, 0.55, 0.55] Default: 22 / 40 TouchAccommodation: 22 / 40 AccommodationParameters: [0.0, 0.0, 0.0, 0.0, 0, 0] inRange: [0.0, 0.01, 0.0, 0.01, 0.0, 0.01, 1.0] ErrorRecord: (tap) [3] / [0, 1, 2, 3, 4, 5, 6, 7, 8, 99] (swipe) [0, 7] / [0, 1, 2, 3, 4, 5, 6, 7, 8, 59] (hscroll) [0, 1, 2, 4, 5, 6, 7, 8] / [0, 1, 2, 3, 4, 5, 6, 7, 8, 59] (vscroll) [0, 1, 2, 5, 6, 7, 8] / [0, 1, 2, 3, 4, 5, 6, 7, 8, 59]
18 [0.525, 0.45, 0.45] Default: 18 / 40 TouchAccommodation: 18 / 40 AccommodationParameters: [0.0, 0.0, 0.0, 0.0, 0, 0] inRange: [0.0, 0.01, 0.0, 0.01, 0.0, 0.01, 1.0] ErrorRecord: (tap) [17] / [ 8  9 10 11 12 13 14 15 16 17] (swipe) [9, 10, 12, 13, 16] / [ 8  9 10 11 12 13 14 15 16 17] (hscroll) [8, 9, 10, 11, 12, 13, 14, 15, 16, 17] / [ 8  9 10 11 12 13 14 15 16 17] (vscroll) [8, 10, 13, 14, 15, 17] / [ 8  9 10 11 12 13 14 15 16 17]
27 [0.6, 0.5, 0.5] Default: 20 / 40 TouchAccommodation: 20 / 40 AccommodationParameters: [0.0, 0.0, 0.0, 0.0, 0, 0] inRange: [0.0, 0.01, 0.0, 0.01, 0.0, 0.01, 1.0] ErrorRecord: (tap) [17, 22] / [17 18 19 20 21 22 23 24 25 26] (swipe) [23, 24] / [17 18 19 20 21 22 23 24 25 26] (hscroll) [17, 18, 19, 20, 21, 24, 25, 26] / [17 18 19 20 21 22 23 24 25 26] (vscroll) [17, 18, 20, 22, 23, 24, 25, 26] / [17 18 19 20 21 22 23 24 25 26]
36 [0.575, 0.475, 0.475] Default: 19 / 40 TouchAccommodation: 19 / 40 AccommodationParameters: [0.0, 0.0, 0.0, 0.0, 0, 0] inRange: [0.0, 0.01, 0.0, 0.01, 0.0, 0.01, 1.0] ErrorRecord: (tap) [] / [26 27 28 29 30 31 32 33 34 35] (swipe) [27, 32, 34, 35] / [26 27 28 29 30 31 32 33 34 35] (hscroll) [26, 27, 29, 30, 31, 32, 33, 34] / [26 27 28 29 30 31 32 33 34 35] (vscroll) [26, 27, 28, 29, 30, 31, 32, 33, 34] / [26 27 28 29 30 31 32 33 34 35]
45 [0.675, 0.625, 0.625] Default: 25 / 40 TouchAccommodation: 25 / 40 AccommodationParameters: [0.0, 0.0, 0.0, 0.0, 0, 0] inRange: [0.0, 0.01, 0.0, 0.01, 0.0, 0.01, 1.0] ErrorRecord: (tap) [] / [35 36 37 38 39 40 41 42 43 44] (swipe) [35] / [35 36 37 38 39 40 41 42 43 44] (hscroll) [36, 37, 38, 39, 40, 41, 42, 43, 44] / [35 36 37 38 39 40 41 42 43 44] (vscroll) [36, 38, 39, 40, 44] / [35 36 37 38 39 40 41 42 43 44]
54 [0.75, 0.65, 0.65] Default: 26 / 40 TouchAccommodation: 26 / 40 AccommodationParameters: [0.0, 0.0, 0.0, 0.0, 0, 0] inRange: [0.0, 0.01, 0.0, 0.01, 0.0, 0.01, 1.0] ErrorRecord: (tap) [47, 49] / [44 45 46 47 48 49 50 51 52 53] (swipe) [] / [44 45 46 47 48 49 50 51 52 53] (hscroll) [44, 45, 46, 47, 50, 51] / [44 45 46 47 48 49 50 51 52 53] (vscroll) [44, 46, 47, 48, 50, 51] / [44 45 46 47 48 49 50 51 52 53]
63 [0.7, 0.625, 0.625] Default: 25 / 40 TouchAccommodation: 25 / 40 AccommodationParameters: [0.0, 0.0, 0.0, 0.0, 0, 0] inRange: [0.0, 0.01, 0.0, 0.01, 0.0, 0.01, 1.0] ErrorRecord: (tap) [] / [53 54 55 56 57 58 59 60 61 62] (swipe) [0] / [0, 1, 2, 53, 54, 55, 56, 57, 58, 59] (hscroll) [0, 1, 2, 54, 55, 57, 58] / [0, 1, 2, 53, 54, 55, 56, 57, 58, 59] (vscroll) [0, 1, 2, 54, 55, 57, 58] / [0, 1, 2, 53, 54, 55, 56, 57, 58, 59]
72 [0.55, 0.55, 0.55] Default: 22 / 40 TouchAccommodation: 22 / 40 AccommodationParameters: [0.0, 0.0, 0.0, 0.0, 0, 0] inRange: [0.0, 0.01, 0.0, 0.01, 0.0, 0.01, 1.0] ErrorRecord: (tap) [] / [62 63 64 65 66 67 68 69 70 71] (swipe) [7, 9, 10] / [ 2  3  4  5  6  7  8  9 10 11] (hscroll) [2, 4, 5, 6, 7, 8, 9, 10, 11] / [ 2  3  4  5  6  7  8  9 10 11] (vscroll) [2, 5, 6, 7, 8, 10] / [ 2  3  4  5  6  7  8  9 10 11]


=================================
3009Default: 0.6305555555555555 Simulate: 0.5694444444444444 TouchAccommodation: 0.5694444444444444