0 [0.825, 0.8, 0.8] Default: 32 / 40 TouchAccommodation: 32 / 40 AccommodationParameters: [0.0, 0.0, 0.0, 0.0, 0, 0] inRange: [0.0, 0.01, 0.0, 0.01, 0.0, 0.01, 1.0] ErrorRecord: (tap) [] / [96, 97, 98, 99, 90, 91, 92, 93, 94, 95] (swipe) [] / [50, 51, 52, 53, 54, 55, 56, 57, 58, 59] (hscroll) [] / [50, 51, 52, 53, 54, 55, 56, 57, 58, 59] (vscroll) [49, 51, 52, 53, 54, 55, 56, 57] / [49, 50, 51, 52, 53, 54, 55, 56, 57, 58]
9 [0.75, 0.775, 0.775] Default: 31 / 40 TouchAccommodation: 31 / 40 AccommodationParameters: [0.0, 0.0, 0.0, 0.0, 0, 0] inRange: [0.0, 0.01, 0.0, 0.01, 0.0, 0.01, 1.0] ErrorRecord: (tap) [] / [0, 1, 2, 3, 4, 5, 6, 7, 8, 99] (swipe) [] / [0, 1, 2, 3, 4, 5, 6, 7, 8, 59] (hscroll) [2, 4, 5, 7] / [0, 1, 2, 3, 4, 5, 6, 7, 8, 59] (vscroll) [2, 3, 5, 7, 8] / [0, 1, 2, 3, 4, 5, 6, 7, 8, 58]
18 [0.775, 0.75, 0.75] Default: 30 / 40 TouchAccommodation: 30 / 40 AccommodationParameters: [0.0, 0.0, 0.0, 0.0, 0, 0] inRange: [0.0, 0.01, 0.0, 0.01, 0.0, 0.01, 1.0] ErrorRecord: (tap) [10, 11] / [ 8  9 10 11 12 13 14 15 16 17] (swipe) [] / [ 8  9 10 11 12 13 14 15 16 17] (hscroll) [15, 16, 17] / [ 8  9 10 11 12 13 14 15 16 17] (vscroll) [8, 9, 10, 13, 16] / [ 8  9 10 11 12 13 14 15 16 17]
27 [0.725, 0.675, 0.675] Default: 27 / 40 TouchAccommodation: 27 / 40 AccommodationParameters: [0.0, 0.0, 0.0, 0.0, 0, 0] inRange: [0.0, 0.01, 0.0, 0.01, 0.0, 0.01, 1.0] ErrorRecord: (tap) [] / [17 18 19 20 21 22 23 24 25 26] (swipe) [] / [17 18 19 20 21 22 23 24 25 26] (hscroll) [17, 19, 20, 22, 23, 24] / [17 18 19 20 21 22 23 24 25 26] (vscroll) [18, 19, 20, 21, 22, 24, 25] / [17 18 19 20 21 22 23 24 25 26]
36 [0.775, 0.8, 0.8] Default: 32 / 40 TouchAccommodation: 32 / 40 AccommodationParameters: [0.0, 0.0, 0.0, 0.0, 0, 0] inRange: [0.0, 0.01, 0.0, 0.01, 0.0, 0.01, 1.0] ErrorRecord: (tap) [] / [26 27 28 29 30 31 32 33 34 35] (swipe) [] / [26 27 28 29 30 31 32 33 34 35] (hscroll) [34, 35] / [26 27 28 29 30 31 32 33 34 35] (vscroll) [28, 29, 32, 33, 34, 35] / [26 27 28 29 30 31 32 33 34 35]
45 [0.775, 0.8, 0.8] Default: 32 / 40 TouchAccommodation: 32 / 40 AccommodationParameters: [0.0, 0.0, 0.0, 0.0, 0, 0] inRange: [0.0, 0.01, 0.0, 0.01, 0.0, 0.01, 1.0] ErrorRecord: (tap) [] / [35 36 37 38 39 40 41 42 43 44] (swipe) [] / [35 36 37 38 39 40 41 42 43 44] (hscroll) [35, 36, 39, 40, 41] / [35 36 37 38 39 40 41 42 43 44] (vscroll) [35, 36, 44] / [35 36 37 38 39 40 41 42 43 44]
54 [0.775, 0.775, 0.775] Default: 31 / 40 TouchAccommodation: 31 / 40 AccommodationParameters: [0.0, 0.0, 0.0, 0.0, 0, 0] inRange: [0.0, 0.01, 0.0, 0.01, 0.0, 0.01, 1.0] ErrorRecord: (tap) [] / [44 45 46 47 48 49 50 51 52 53] (swipe) [45] / [44 45 46 47 48 49 50 51 52 53] (hscroll) [] / [44 45 46 47 48 49 50 51 52 53] (vscroll) [44, 45, 46, 48, 49, 51, 52, 53] / [44 45 46 47 48 49 50 51 52 53]
63 [0.8, 0.775, 0.775] Default: 31 / 40 TouchAccommodation: 31 / 40 AccommodationParameters: [0.0, 0.0, 0.0, 0.0, 0, 0] inRange: [0.0, 0.01, 0.0, 0.01, 0.0, 0.01, 1.0] ErrorRecord: (tap) [59] / [53 54 55 56 57 58 59 60 61 62] (swipe) [] / [0, 1, 2, 53, 54, 55, 56, 57, 58, 59] (hscroll) [2] / [0, 1, 2, 53, 54, 55, 56, 57, 58, 59] (vscroll) [2, 3, 53, 54, 55, 56, 57] / [0, 1, 2, 3, 53, 54, 55, 56, 57, 58]
72 [0.725, 0.7, 0.7] Default: 28 / 40 TouchAccommodation: 28 / 40 AccommodationParameters: [0.0, 0.0, 0.0, 0.0, 0, 0] inRange: [0.0, 0.01, 0.0, 0.01, 0.0, 0.01, 1.0] ErrorRecord: (tap) [67, 69] / [62 63 64 65 66 67 68 69 70 71] (swipe) [] / [ 2  3  4  5  6  7  8  9 10 11] (hscroll) [2, 4, 5, 7] / [ 2  3  4  5  6  7  8  9 10 11] (vscroll) [3, 5, 7, 8, 9, 10] / [ 3  4  5  6  7  8  9 10 11 12]


=================================
3010Default: 0.7694444444444444 Simulate: 0.7611111111111112 TouchAccommodation: 0.7611111111111112