0 [0.4, 0.35, 0.35] Default: 14 / 40 TouchAccommodation: 14 / 40 AccommodationParameters: [0.0, 0.0, 0.0, 0.0, 0, 0] inRange: [0.0, 0.01, 0.0, 0.01, 0.0, 0.01, 1.0] ErrorRecord: (tap) [96, 91, 92, 93, 94] / [96, 97, 98, 89, 90, 91, 92, 93, 94, 95] (swipe) [51, 53, 55, 56, 57, 59] / [50, 51, 52, 53, 54, 55, 56, 57, 58, 59] (hscroll) [50, 51, 52, 53, 54, 55, 56, 58, 59] / [50, 51, 52, 53, 54, 55, 56, 57, 58, 59] (vscroll) [49, 52, 53, 54, 55, 56] / [49, 50, 51, 52, 53, 54, 55, 56, 57, 58]
9 [0.35, 0.4, 0.4] Default: 16 / 40 TouchAccommodation: 16 / 40 AccommodationParameters: [0.0, 0.0, 0.0, 0.0, 0, 0] inRange: [0.0, 0.01, 0.0, 0.01, 0.0, 0.01, 1.0] ErrorRecord: (tap) [1] / [0, 1, 2, 3, 4, 5, 6, 7, 8, 98] (swipe) [0, 1, 4, 5, 6, 7, 8, 59] / [0, 1, 2, 3, 4, 5, 6, 7, 8, 59] (hscroll) [0, 1, 4, 5, 6, 59] / [0, 1, 2, 3, 4, 5, 6, 7, 8, 59] (vscroll) [0, 1, 2, 3, 4, 5, 6, 7, 8] / [0, 1, 2, 3, 4, 5, 6, 7, 8, 58]
18 [0.475, 0.325, 0.325] Default: 13 / 40 TouchAccommodation: 13 / 40 AccommodationParameters: [0.0, 0.0, 0.0, 0.0, 0, 0] inRange: [0.0, 0.01, 0.0, 0.01, 0.0, 0.01, 1.0] ErrorRecord: (tap) [12, 15] / [ 8  9 10 11 12 13 14 15 16 17] (swipe) [8, 10, 11, 12, 13, 14, 15, 16, 17] / [ 8  9 10 11 12 13 14 15 16 17] (hscroll) [9, 10, 11, 12, 13, 15, 16] / [ 8  9 10 11 12 13 14 15 16 17] (vscroll) [8, 9, 10, 11, 12, 13, 14, 16, 17] / [ 8  9 10 11 12 13 14 15 16 17]
27 [0.425, 0.3, 0.3] Default: 12 / 40 TouchAccommodation: 12 / 40 AccommodationParameters: [0.0, 0.0, 0.0, 0.0, 0, 0] inRange: [0.0, 0.01, 0.0, 0.01, 0.0, 0.01, 1.0] ErrorRecord: (tap) [18, 20, 22, 24] / [17 18 19 20 21 22 23 24 25 26] (swipe) [17, 18, 19, 20, 21, 22, 23, 24, 25, 26] / [17 18 19 20 21 22 23 24 25 26] (hscroll) [20, 21, 22, 23, 24, 25, 26] / [17 18 19 20 21 22 23 24 25 26] (vscroll) [17, 18, 20, 21, 22, 25, 26] / [17 18 19 20 21 22 23 24 25 26]
36 [0.35, 0.375, 0.375] Default: 15 / 40 TouchAccommodation: 15 / 40 AccommodationParameters: [0.0, 0.0, 0.0, 0.0, 0, 0] inRange: [0.0, 0.01, 0.0, 0.01, 0.0, 0.01, 1.0] ErrorRecord: (tap) [27, 34] / [26 27 28 29 30 31 32 33 34 35] (swipe) [26, 27, 29, 31, 33, 35] / [26 27 28 29 30 31 32 33 34 35] (hscroll) [26, 27, 28, 30, 32, 33, 34, 35] / [26 27 28 29 30 31 32 33 34 35] (vscroll) [26, 27, 28, 29, 30, 31, 33, 34, 35] / [26 27 28 29 30 31 32 33 34 35]
45 [0.375, 0.4, 0.4] Default: 16 / 40 TouchAccommodation: 16 / 40 AccommodationParameters: [0.0, 0.0, 0.0, 0.0, 0, 0] inRange: [0.0, 0.01, 0.0, 0.01, 0.0, 0.01, 1.0] ErrorRecord: (tap) [37, 41, 42, 44] / [35 36 37 38 39 40 41 42 43 44] (swipe) [35, 36, 38, 42, 44] / [35 36 37 38 39 40 41 42 43 44] (hscroll) [35, 37, 39, 41, 42, 43, 44] / [35 36 37 38 39 40 41 42 43 44] (vscroll) [35, 36, 37, 38, 40, 41, 42, 43] / [35 36 37 38 39 40 41 42 43 44]
54 [0.4, 0.425, 0.425] Default: 17 / 40 TouchAccommodation: 17 / 40 AccommodationParameters: [0.0, 0.0, 0.0, 0.0, 0, 0] inRange: [0.0, 0.01, 0.0, 0.01, 0.0, 0.01, 1.0] ErrorRecord: (tap) [44, 45, 53] / [44 45 46 47 48 49 50 51 52 53] (swipe) [44, 45, 46, 48, 51, 53] / [44 45 46 47 48 49 50 51 52 53] (hscroll) [44, 46, 47, 48, 49, 50, 51, 52, 53] / [44 45 46 47 48 49 50 51 52 53] (vscroll) [45, 47, 49, 52, 53] / [44 45 46 47 48 49 50 51 52 53]
63 [0.35, 0.275, 0.275] Default: 11 / 40 TouchAccommodation: 11 / 40 AccommodationParameters: [0.0, 0.0, 0.0, 0.0, 0, 0] inRange: [0.0, 0.01, 0.0, 0.01, 0.0, 0.01, 1.0] ErrorRecord: (tap) [53, 54, 56, 58, 61, 62] / [53 54 55 56 57 58 59 60 61 62] (swipe) [0, 1, 53, 55, 56, 57, 59] / [0, 1, 2, 53, 54, 55, 56, 57, 58, 59] (hscroll) [0, 1, 53, 54, 55, 56, 58, 59] / [0, 1, 2, 53, 54, 55, 56, 57, 58, 59] (vscroll) [0, 1, 2, 3, 53, 54, 55, 56] / [0, 1, 2, 3, 53, 54, 55, 56, 57, 58]
72 [0.4, 0.275, 0.275] Default: 11 / 40 TouchAccommodation: 11 / 40 AccommodationParameters: [0.0, 0.0, 0.0, 0.0, 0, 0] inRange: [0.0, 0.01, 0.0, 0.01, 0.0, 0.01, 1.0] ErrorRecord: (tap) [62, 64, 66, 67, 69, 70] / [62 63 64 65 66 67 68 69 70 71] (swipe) [4, 5, 6, 7, 8, 10, 11] / [ 2  3  4  5  6  7  8  9 10 11] (hscroll) [4, 5, 6, 9, 10, 11] / [ 2  3  4  5  6  7  8  9 10 11] (vscroll) [3, 4, 5, 6, 7, 8, 9, 10, 11, 12] / [ 3  4  5  6  7  8  9 10 11 12]


=================================
3011Default: 0.39166666666666666 Simulate: 0.3472222222222222 TouchAccommodation: 0.3472222222222222