0 [0.65, 0.65, 0.65] Default: 26 / 40 TouchAccommodation: 26 / 40 AccommodationParameters: [0.0, 0.0, 0.0, 0.0, 0, 0] inRange: [0.0, 0.01, 0.0, 0.01, 0.0, 0.01, 1.0] ErrorRecord: (tap) [96, 99, 90, 91, 94] / [96, 97, 98, 99, 90, 91, 92, 93, 94, 95] (swipe) [55, 58] / [50, 51, 52, 53, 54, 55, 56, 57, 58, 59] (hscroll) [53, 57, 59] / [50, 51, 52, 53, 54, 55, 56, 57, 58, 59] (vscroll) [52, 53, 54, 55] / [50, 51, 52, 53, 54, 55, 56, 57, 58, 59]
9 [0.675, 0.65, 0.65] Default: 26 / 40 TouchAccommodation: 26 / 40 AccommodationParameters: [0.0, 0.0, 0.0, 0.0, 0, 0] inRange: [0.0, 0.01, 0.0, 0.01, 0.0, 0.01, 1.0] ErrorRecord: (tap) [99] / [0, 1, 2, 3, 4, 5, 6, 7, 8, 99] (swipe) [3, 5, 7] / [0, 1, 2, 3, 4, 5, 6, 7, 8, 59] (hscroll) [0, 1, 4, 6, 7, 59] / [0, 1, 2, 3, 4, 5, 6, 7, 8, 59] (vscroll) [0, 5, 6, 7] / [0, 1, 2, 3, 4, 5, 6, 7, 8, 59]
18 [0.775, 0.775, 0.775] Default: 31 / 40 TouchAccommodation: 31 / 40 AccommodationParameters: [0.0, 0.0, 0.0, 0.0, 0, 0] inRange: [0.0, 0.01, 0.0, 0.01, 0.0, 0.01, 1.0] ErrorRecord: (tap) [] / [ 8  9 10 11 12 13 14 15 16 17] (swipe) [11, 13, 15, 17] / [ 8  9 10 11 12 13 14 15 16 17] (hscroll) [10, 15] / [ 8  9 10 11 12 13 14 15 16 17] (vscroll) [14, 15, 17] / [ 8  9 10 11 12 13 14 15 16 17]
27 [0.55, 0.55, 0.55] Default: 22 / 40 TouchAccommodation: 22 / 40 AccommodationParameters: [0.0, 0.0, 0.0, 0.0, 0, 0] inRange: [0.0, 0.01, 0.0, 0.01, 0.0, 0.01, 1.0] ErrorRecord: (tap) [18, 19, 20, 23, 26] / [17 18 19 20 21 22 23 24 25 26] (swipe) [17, 18, 22] / [17 18 19 20 21 22 23 24 25 26] (hscroll) [21, 22, 24, 26] / [17 18 19 20 21 22 23 24 25 26] (vscroll) [17, 18, 21, 22, 24, 25] / [17 18 19 20 21 22 23 24 25 26]
36 [0.675, 0.65, 0.65] Default: 26 / 40 TouchAccommodation: 26 / 40 AccommodationParameters: [0.0, 0.0, 0.0, 0.0, 0, 0] inRange: [0.0, 0.01, 0.0, 0.01, 0.0, 0.01, 1.0] ErrorRecord: (tap) [26, 29, 30, 33, 34] / [26 27 28 29 30 31 32 33 34 35] (swipe) [32, 35] / [26 27 28 29 30 31 32 33 34 35] (hscroll) [26, 27, 29, 31, 33] / [26 27 28 29 30 31 32 33 34 35] (vscroll) [34, 35] / [26 27 28 29 30 31 32 33 34 35]
45 [0.575, 0.5, 0.5] Default: 20 / 40 TouchAccommodation: 20 / 40 AccommodationParameters: [0.0, 0.0, 0.0, 0.0, 0, 0] inRange: [0.0, 0.01, 0.0, 0.01, 0.0, 0.01, 1.0] ErrorRecord: (tap) [38, 39, 40, 41, 42, 44] / [35 36 37 38 39 40 41 42 43 44] (swipe) [35, 38, 39, 41, 42, 43] / [35 36 37 38 39 40 41 42 43 44] (hscroll) [37, 38, 44] / [35 36 37 38 39 40 41 42 43 44] (vscroll) [35, 36, 39, 41, 42] / [35 36 37 38 39 40 41 42 43 44]
54 [0.7, 0.725, 0.725] Default: 29 / 40 TouchAccommodation: 29 / 40 AccommodationParameters: [0.0, 0.0, 0.0, 0.0, 0, 0] inRange: [0.0, 0.01, 0.0, 0.01, 0.0, 0.01, 1.0] ErrorRecord: (tap) [44, 51] / [44 45 46 47 48 49 50 51 52 53] (swipe) [45, 46] / [44 45 46 47 48 49 50 51 52 53] (hscroll) [44, 45, 53] / [44 45 46 47 48 49 50 51 52 53] (vscroll) [46, 49, 52, 53] / [44 45 46 47 48 49 50 51 52 53]
63 [0.65, 0.675, 0.675] Default: 27 / 40 TouchAccommodation: 27 / 40 AccommodationParameters: [0.0, 0.0, 0.0, 0.0, 0, 0] inRange: [0.0, 0.01, 0.0, 0.01, 0.0, 0.01, 1.0] ErrorRecord: (tap) [54, 62] / [53 54 55 56 57 58 59 60 61 62] (swipe) [55, 58] / [0, 1, 2, 53, 54, 55, 56, 57, 58, 59] (hscroll) [0, 1, 53, 57, 59] / [0, 1, 2, 53, 54, 55, 56, 57, 58, 59] (vscroll) [0, 53, 54, 55] / [0, 1, 2, 53, 54, 55, 56, 57, 58, 59]
72 [0.575, 0.6, 0.6] Default: 24 / 40 TouchAccommodation: 24 / 40 AccommodationParameters: [0.0, 0.0, 0.0, 0.0, 0, 0] inRange: [0.0, 0.01, 0.0, 0.01, 0.0, 0.01, 1.0] ErrorRecord: (tap) [62, 64, 65, 66, 69] / [62 63 64 65 66 67 68 69 70 71] (swipe) [3, 5, 7, 11] / [ 2  3  4  5  6  7  8  9 10 11] (hscroll) [4, 6, 7, 10] / [ 2  3  4  5  6  7  8  9 10 11] (vscroll) [5, 6, 7] / [ 2  3  4  5  6  7  8  9 10 11]


=================================
3012Default: 0.6472222222222223 Simulate: 0.6416666666666666 TouchAccommodation: 0.6416666666666666