0 [0.725, 0.65, 0.65] Default: 26 / 40 TouchAccommodation: 26 / 40 AccommodationParameters: [0.0, 0.0, 0.0, 0.0, 0, 0] inRange: [0.0, 0.01, 0.0, 0.01, 0.0, 0.01, 1.0] ErrorRecord: (tap) [40, 41, 42, 43, 44, 46, 47] / [40, 41, 42, 43, 44, 45, 46, 47, 48, 49] (swipe) [] / [32, 33, 34, 35, 36, 37, 38, 39, 30, 31] (hscroll) [32, 34, 35, 30, 31] / [32, 33, 34, 35, 36, 37, 38, 39, 30, 31] (vscroll) [36, 31] / [32, 33, 34, 35, 36, 37, 38, 39, 30, 31]
9 [0.65, 0.575, 0.575] Default: 23 / 40 TouchAccommodation: 23 / 40 AccommodationParameters: [0.0, 0.0, 0.0, 0.0, 0, 0] inRange: [0.0, 0.01, 0.0, 0.01, 0.0, 0.01, 1.0] ErrorRecord: (tap) [0, 1, 2, 3, 5, 6, 7, 8] / [0, 1, 2, 3, 4, 5, 6, 7, 8, 49] (swipe) [] / [0, 1, 2, 3, 4, 5, 6, 7, 8, 39] (hscroll) [1, 2, 3, 8] / [0, 1, 2, 3, 4, 5, 6, 7, 8, 39] (vscroll) [0, 1, 5, 7, 8] / [0, 1, 2, 3, 4, 5, 6, 7, 8, 39]
18 [0.5, 0.4, 0.4] Default: 16 / 40 TouchAccommodation: 16 / 40 AccommodationParameters: [0.0, 0.0, 0.0, 0.0, 0, 0] inRange: [0.0, 0.01, 0.0, 0.01, 0.0, 0.01, 1.0] ErrorRecord: (tap) [8, 9, 10, 11, 12, 13, 14, 15, 16, 17] / [ 8  9 10 11 12 13 14 15 16 17] (swipe) [11, 15, 17] / [ 8  9 10 11 12 13 14 15 16 17] (hscroll) [8, 9, 11, 13, 14, 15, 16] / [ 8  9 10 11 12 13 14 15 16 17] (vscroll) [8, 11, 14, 17] / [ 8  9 10 11 12 13 14 15 16 17]
27 [0.575, 0.4, 0.4] Default: 16 / 40 TouchAccommodation: 16 / 40 AccommodationParameters: [0.0, 0.0, 0.0, 0.0, 0, 0] inRange: [0.0, 0.01, 0.0, 0.01, 0.0, 0.01, 1.0] ErrorRecord: (tap) [17, 18, 19, 21, 22, 23, 24, 25, 26] / [17 18 19 20 21 22 23 24 25 26] (swipe) [17, 18, 20, 21, 26] / [17 18 19 20 21 22 23 24 25 26] (hscroll) [18, 19, 20, 24, 25, 26] / [17 18 19 20 21 22 23 24 25 26] (vscroll) [17, 21, 23, 26] / [17 18 19 20 21 22 23 24 25 26]
36 [0.575, 0.5, 0.5] Default: 20 / 40 TouchAccommodation: 20 / 40 AccommodationParameters: [0.0, 0.0, 0.0, 0.0, 0, 0] inRange: [0.0, 0.01, 0.0, 0.01, 0.0, 0.01, 1.0] ErrorRecord: (tap) [26, 27, 28, 29, 30, 32, 33, 34, 35] / [26 27 28 29 30 31 32 33 34 35] (swipe) [26] / [26 27 28 29 30 31 32 33 34 35] (hscroll) [26, 27, 29, 30, 31, 32, 34, 35] / [26 27 28 29 30 31 32 33 34 35] (vscroll) [26, 31] / [26 27 28 29 30 31 32 33 34 35]
45 [0.65, 0.575, 0.575] Default: 23 / 40 TouchAccommodation: 23 / 40 AccommodationParameters: [0.0, 0.0, 0.0, 0.0, 0, 0] inRange: [0.0, 0.01, 0.0, 0.01, 0.0, 0.01, 1.0] ErrorRecord: (tap) [35, 36, 37, 38, 39, 40, 41, 42, 43, 44] / [35 36 37 38 39 40 41 42 43 44] (swipe) [] / [0, 1, 2, 3, 4, 35, 36, 37, 38, 39] (hscroll) [1, 2, 3, 35] / [0, 1, 2, 3, 4, 35, 36, 37, 38, 39] (vscroll) [0, 1, 36] / [0, 1, 2, 3, 4, 35, 36, 37, 38, 39]
54 [0.675, 0.6, 0.6] Default: 24 / 40 TouchAccommodation: 24 / 40 AccommodationParameters: [0.0, 0.0, 0.0, 0.0, 0, 0] inRange: [0.0, 0.01, 0.0, 0.01, 0.0, 0.01, 1.0] ErrorRecord: (tap) [0, 1, 2, 3, 44, 46, 47] / [0, 1, 2, 3, 44, 45, 46, 47, 48, 49] (swipe) [11] / [ 4  5  6  7  8  9 10 11 12 13] (hscroll) [8, 9, 11, 13] / [ 4  5  6  7  8  9 10 11 12 13] (vscroll) [5, 7, 8, 11] / [ 4  5  6  7  8  9 10 11 12 13]
63 [0.525, 0.4, 0.4] Default: 16 / 40 TouchAccommodation: 16 / 40 AccommodationParameters: [0.0, 0.0, 0.0, 0.0, 0, 0] inRange: [0.0, 0.01, 0.0, 0.01, 0.0, 0.01, 1.0] ErrorRecord: (tap) [3, 5, 6, 7, 8, 9, 10, 11, 12] / [ 3  4  5  6  7  8  9 10 11 12] (swipe) [15, 17, 18, 20, 21] / [13 14 15 16 17 18 19 20 21 22] (hscroll) [13, 14, 15, 16, 18, 19, 20] / [13 14 15 16 17 18 19 20 21 22] (vscroll) [14, 17, 21] / [13 14 15 16 17 18 19 20 21 22]
72 [0.575, 0.5, 0.5] Default: 20 / 40 TouchAccommodation: 20 / 40 AccommodationParameters: [0.0, 0.0, 0.0, 0.0, 0, 0] inRange: [0.0, 0.01, 0.0, 0.01, 0.0, 0.01, 1.0] ErrorRecord: (tap) [12, 13, 14, 15, 16, 17, 18, 19, 21] / [12 13 14 15 16 17 18 19 20 21] (swipe) [26] / [22 23 24 25 26 27 28 29 30 31] (hscroll) [24, 25, 26, 27, 29, 30, 31] / [22 23 24 25 26 27 28 29 30 31] (vscroll) [23, 26, 31] / [22 23 24 25 26 27 28 29 30 31]


=================================
3014Default: 0.6055555555555556 Simulate: 0.5111111111111112 TouchAccommodation: 0.5111111111111112