0 [0.8, 0.725, 0.725] Default: 29 / 40 TouchAccommodation: 29 / 40 AccommodationParameters: [0.0, 0.0, 0.0, 0.0, 0, 0] inRange: [0.0, 0.01, 0.0, 0.01, 0.0, 0.01, 1.0] ErrorRecord: (tap) [44, 45] / [40, 41, 42, 43, 44, 45, 46, 47, 48, 49] (swipe) [52] / [50, 51, 52, 53, 54, 55, 56, 57, 58, 59] (hscroll) [24, 27, 30] / [22, 23, 24, 25, 26, 27, 28, 29, 30, 31] (vscroll) [35, 36, 37, 38, 39] / [32, 33, 34, 35, 36, 37, 38, 39, 30, 31]
9 [0.825, 0.725, 0.725] Default: 29 / 40 TouchAccommodation: 29 / 40 AccommodationParameters: [0.0, 0.0, 0.0, 0.0, 0, 0] inRange: [0.0, 0.01, 0.0, 0.01, 0.0, 0.01, 1.0] ErrorRecord: (tap) [0] / [0, 1, 2, 3, 4, 5, 6, 7, 8, 49] (swipe) [] / [0, 1, 2, 3, 4, 5, 6, 7, 8, 59] (hscroll) [0, 3, 7] / [0, 1, 2, 3, 4, 5, 6, 7, 8, 31] (vscroll) [0, 1, 2, 4, 6, 7, 39] / [0, 1, 2, 3, 4, 5, 6, 7, 8, 39]
18 [0.9, 0.85, 0.85] Default: 34 / 40 TouchAccommodation: 34 / 40 AccommodationParameters: [0.0, 0.0, 0.0, 0.0, 0, 0] inRange: [0.0, 0.01, 0.0, 0.01, 0.0, 0.01, 1.0] ErrorRecord: (tap) [12] / [ 8  9 10 11 12 13 14 15 16 17] (swipe) [] / [ 8  9 10 11 12 13 14 15 16 17] (hscroll) [13] / [ 8  9 10 11 12 13 14 15 16 17] (vscroll) [14, 15, 16, 17] / [ 8  9 10 11 12 13 14 15 16 17]
27 [0.75, 0.675, 0.675] Default: 27 / 40 TouchAccommodation: 27 / 40 AccommodationParameters: [0.0, 0.0, 0.0, 0.0, 0, 0] inRange: [0.0, 0.01, 0.0, 0.01, 0.0, 0.01, 1.0] ErrorRecord: (tap) [18, 21, 22, 23] / [17 18 19 20 21 22 23 24 25 26] (swipe) [18] / [17 18 19 20 21 22 23 24 25 26] (hscroll) [24] / [17 18 19 20 21 22 23 24 25 26] (vscroll) [17, 19, 20, 21, 23, 25, 26] / [17 18 19 20 21 22 23 24 25 26]
36 [0.8, 0.75, 0.75] Default: 30 / 40 TouchAccommodation: 30 / 40 AccommodationParameters: [0.0, 0.0, 0.0, 0.0, 0, 0] inRange: [0.0, 0.01, 0.0, 0.01, 0.0, 0.01, 1.0] ErrorRecord: (tap) [27, 35] / [26 27 28 29 30 31 32 33 34 35] (swipe) [] / [26 27 28 29 30 31 32 33 34 35] (hscroll) [0, 3, 27, 30] / [0, 1, 2, 3, 26, 27, 28, 29, 30, 31] (vscroll) [26, 28, 29, 35] / [26 27 28 29 30 31 32 33 34 35]
45 [0.825, 0.65, 0.65] Default: 26 / 40 TouchAccommodation: 26 / 40 AccommodationParameters: [0.0, 0.0, 0.0, 0.0, 0, 0] inRange: [0.0, 0.01, 0.0, 0.01, 0.0, 0.01, 1.0] ErrorRecord: (tap) [35, 44] / [35 36 37 38 39 40 41 42 43 44] (swipe) [44] / [35 36 37 38 39 40 41 42 43 44] (hscroll) [3, 7] / [ 3  4  5  6  7  8  9 10 11 12] (vscroll) [0, 1, 2, 4, 35, 36, 37, 38, 39] / [0, 1, 2, 3, 4, 35, 36, 37, 38, 39]
54 [0.825, 0.75, 0.75] Default: 30 / 40 TouchAccommodation: 30 / 40 AccommodationParameters: [0.0, 0.0, 0.0, 0.0, 0, 0] inRange: [0.0, 0.01, 0.0, 0.01, 0.0, 0.01, 1.0] ErrorRecord: (tap) [0, 44, 45] / [0, 1, 2, 3, 44, 45, 46, 47, 48, 49] (swipe) [44, 45, 52] / [44 45 46 47 48 49 50 51 52 53] (hscroll) [13] / [12 13 14 15 16 17 18 19 20 21] (vscroll) [4, 6, 7] / [ 4  5  6  7  8  9 10 11 12 13]
63 [0.8, 0.725, 0.725] Default: 29 / 40 TouchAccommodation: 29 / 40 AccommodationParameters: [0.0, 0.0, 0.0, 0.0, 0, 0] inRange: [0.0, 0.01, 0.0, 0.01, 0.0, 0.01, 1.0] ErrorRecord: (tap) [12] / [ 3  4  5  6  7  8  9 10 11 12] (swipe) [] / [0, 1, 2, 53, 54, 55, 56, 57, 58, 59] (hscroll) [24, 27, 30] / [21 22 23 24 25 26 27 28 29 30] (vscroll) [14, 15, 16, 17, 19, 20, 21] / [13 14 15 16 17 18 19 20 21 22]
72 [0.7, 0.7, 0.7] Default: 28 / 40 TouchAccommodation: 28 / 40 AccommodationParameters: [0.0, 0.0, 0.0, 0.0, 0, 0] inRange: [0.0, 0.01, 0.0, 0.01, 0.0, 0.01, 1.0] ErrorRecord: (tap) [12, 18, 21] / [12 13 14 15 16 17 18 19 20 21] (swipe) [] / [ 2  3  4  5  6  7  8  9 10 11] (hscroll) [0, 3, 7, 30] / [0, 1, 2, 3, 4, 5, 6, 7, 30, 31] (vscroll) [23, 25, 26, 28, 29] / [22 23 24 25 26 27 28 29 30 31]


=================================
3015Default: 0.8027777777777778 Simulate: 0.7277777777777777 TouchAccommodation: 0.7277777777777777